R,G,B,Label
0.10528375733855187,0.33424657534246577,0.5604696673189825,0
0.09380793474230627,0.3236929922135706,0.5824990730441231,0
0.10084341767510084,0.3307664099743308,0.5683901723505684,0
0.10553018772196854,0.3267376966007103,0.5677321156773212,0
0.10130828581013084,0.32572962093257296,0.5729620932572962,0
0.0989816700610998,0.33564154786150713,0.5653767820773931,0
0.09825606125053168,0.3287962569119523,0.5729476818375159,0
0.09520322226290737,0.33357744415964846,0.5712193335774441,0
0.09617706237424548,0.3392354124748491,0.5645875251509054,0
0.0938029122925838,0.3427023366068405,0.5634947511005757,0
0.09469835466179158,0.3462522851919561,0.5590493601462523,0
0.09743981658387467,0.32709209017959495,0.5754680932365304,0
0.0983157070113592,0.33254994124559345,0.5691343517430474,0
0.09420916162489197,0.3197925669835782,0.5859982713915298,0
0.10325047801147227,0.32552581261950286,0.5712237093690249,0
0.09873949579831931,0.3281512605042017,0.573109243697479,0
0.09844357976653698,0.32451361867704287,0.5770428015564203,0
0.09566145092460882,0.3488620199146515,0.5554765291607396,0
0.09192590003495281,0.3369451240824886,0.5711289758825585,0
0.09293286219081272,0.32862190812720843,0.5784452296819788,0
0.1674074074074074,0.27753086419753087,0.5550617283950617,1
0.201779359430605,0.29786476868327405,0.5003558718861211,1
0.1998394863563403,0.3041733547351525,0.49598715890850725,1
0.20155586987270152,0.29702970297029696,0.5014144271570014,1
0.2004081632653061,0.2987755102040816,0.5008163265306123,1
0.19713701431492842,0.29570552147239265,0.5071574642126789,1
0.19812091503267976,0.29411764705882354,0.5077614379084967,1
0.19990658570761327,0.2947220924801495,0.5053713218122373,1
0.19726144629867354,0.29867351305092,0.5040650406504065,1
0.19687212511499538,0.2939282428702852,0.5091996320147195,1
0.19901719901719903,0.2987714987714988,0.5022113022113023,1
0.20005793183354253,0.2982845740401017,0.5016574941263557,1
0.19959266802443992,0.29775967413441956,0.5026476578411405,1
0.19524001613553854,0.29326341266639777,0.5114965711980638,1
0.1992467043314501,0.29830508474576267,0.5024482109227872,1
0.196763202725724,0.293015332197615,0.510221465076661,1
0.19734829168791435,0.2906680265170831,0.5119836817950025,1
0.1955684007707129,0.29383429672447015,0.5105973025048169,1
0.19604056011588603,0.2911636890391115,0.5127957508450024,1
0.19703930576824913,0.29147524247064827,0.5114854517611027,1
0.15506547208821503,0.32046864231564437,0.5244658855961406,2
0.1551519936833794,0.32767469403868926,0.5171733122779313,2
0.1572930955647005,0.3177869227251943,0.5249199817101052,2
0.15436467812605326,0.31681833501853723,0.5288169868554095,2
0.15413662890490903,0.3213182286302781,0.5245451424648129,2
0.15563770794824397,0.3208872458410351,0.5234750462107209,2
0.15376065209336792,0.3190070396443127,0.5272323082623194,2
0.1552384267316394,0.3205708318830491,0.5241907413853115,2
0.1541311596887736,0.318636532048907,0.5272323082623194,2
0.1560993696700037,0.3203559510567297,0.5235446792732666,2
0.15446466356326705,0.29538721963605585,0.5501481168006771,2
0.1573175875158161,0.31800927878532265,0.5246731336988613,2
0.1533968644328312,0.3292345527205656,0.5173685828466031,2
0.15182613945064893,0.3281014186537881,0.5200724418955629,2
0.1539573545355981,0.33140585471629924,0.5146367907481026,2
0.15428190603132289,0.3295568143952016,0.5161612795734755,2
0.15800488315312175,0.32438088594349496,0.5176142309033834,2
0.15509797409498505,0.32547326469611426,0.5194287612089007,2
0.1564748201438849,0.3214928057553957,0.5220323741007195,2
0.15627376425855516,0.3342205323193917,0.5095057034220533,2
0.15175817396668725,0.30937692782233195,0.5388648982109809,3
0.1494542401343409,0.3140218303946264,0.5365239294710328,3
0.1453096259963213,0.3200490496627836,0.5346413243408952,3
0.14350649350649353,0.3246753246753247,0.5318181818181819,3
0.14970930232558138,0.32025193798449614,0.5300387596899225,3
0.14497950819672134,0.3186475409836066,0.5363729508196722,3
0.14495205865764244,0.3135927805978568,0.5414551607445008,3
0.14365015245888824,0.32086732167522347,0.5354825258658883,3
0.14566037735849058,0.32830188679245287,0.5260377358490567,3
0.14513677811550152,0.3199088145896657,0.5349544072948329,3
0.14546561168594035,0.32075471698113206,0.5337796713329276,3
0.14340448823207444,0.324575807334428,0.5320197044334976,3
0.14146868250539957,0.3180345572354212,0.5404967602591793,3
0.14087559601213698,0.3190290420459471,0.5400953619419159,3
0.14242301458670986,0.3227309562398703,0.5348460291734197,3
0.1325435024065161,0.31469825990373934,0.5527582376897445,3
0.14242301458670986,0.3227309562398703,0.5348460291734197,3
0.14673398548437996,0.3177658567371411,0.535500157778479,3
0.14596062457569586,0.3163611676849966,0.5376782077393075,3
0.14300998573466475,0.30242510699001424,0.5545649072753209,3
0.13791916609302785,0.3650801455403678,0.4970006883666044,4
0.1342324983943481,0.3834296724470135,0.4823378291586384,4
0.13310580204778158,0.3731513083048919,0.49374288964732654,4
0.13333333333333333,0.3724770642201835,0.4941896024464832,4
0.1380281690140845,0.3683098591549296,0.4936619718309859,4
0.1345724907063197,0.3643122676579925,0.5011152416356877,4
0.13529411764705881,0.3639705882352941,0.5007352941176471,4
0.136327817178881,0.35933806146572106,0.504334121355398,4
0.13793103448275862,0.36462324393358875,0.49744572158365263,4
0.13791916609302785,0.3650801455403678,0.4970006883666044,4
0.1353826030085023,0.36363636363636365,0.5009810333551341,4
0.13595166163141995,0.3716012084592145,0.49244712990936557,4
0.13803680981595093,0.36963190184049083,0.49233128834355827,4
0.14155571128241065,0.3644008409250175,0.49404344779257187,4
0.13951789627465302,0.3637691745799854,0.4967129291453616,4
0.1393501805054152,0.3624548736462094,0.4981949458483755,4
0.13860759493670885,0.36645569620253166,0.49493670886075947,4
0.13714285714285715,0.3682539682539683,0.4946031746031746,4
0.1364247311827957,0.36760752688172044,0.4959677419354839,4
0.13934426229508196,0.3688524590163934,0.4918032786885246,4
